Arrival Time   Voting Duration   Start Time    Departure Time
      2.70        23.23             2.70             25.93

      4.56         2.96            25.93             28.88

      6.09         4.97            28.88             33.86

     10.27         3.55            33.86             37.41

     10.50        12.81            37.41             50.22

     15.10        10.58            50.22             60.80

     17.94         4.03            60.80             64.83

     18.23         5.01            64.83             69.84

     18.65         8.48            69.84             78.32

     20.76         9.24            78.32             87.56

     23.49         6.15            87.56             93.71

     25.05         1.05            93.71             94.76

     25.70         0.65            94.76             95.41

     25.98         0.08            95.41             95.49

     26.87         1.46            95.49             96.95

     27.36         1.46            96.95             98.41

     30.38        11.52            98.41            109.93

     32.81        17.92           109.93            127.85

     33.21        11.98           127.85            139.83

     34.35         3.95           139.83            143.78

     34.59        33.46           143.78            177.25

     34.71         2.82           177.25            180.06

     34.94        10.25           180.06            190.31

     35.96         1.70           190.31            192.02

     41.78        11.95           192.02            203.97

     42.03         0.65           203.97            204.62

     45.16         5.28           204.62            209.90

     46.22        16.86           209.90            226.76

     46.32        22.66           226.76            249.42

     46.57        20.22           249.42            269.64

     48.61        23.26           269.64            292.90

     48.69        21.21           292.90            314.11

     51.24         1.04           314.11            315.15

     51.63        11.19           315.15            326.34

     53.05        17.28           326.34            343.62

     54.65         0.51           343.62            344.13

     55.87        17.44           344.13            361.58

     57.72         1.92           361.58            363.50

     58.27         0.63           363.50            364.13

     58.39         2.64           364.13            366.77

     58.60         4.40           366.77            371.17

     59.04        10.19           371.17            381.37

     61.78         4.90           381.37            386.26

     61.93         1.57           386.26            387.84

     63.02         4.49           387.84            392.33

     64.57         7.39           392.33            399.72

     68.04         5.21           399.72            404.94

     68.39         9.30           404.94            414.23

     68.85        23.09           414.23            437.32

     69.02        17.26           437.32            454.59

     69.12         0.75           454.59            455.34

     69.77         5.31           455.34            460.65

     72.18         5.88           460.65            466.53

     72.55        28.25           466.53            494.77

     73.29         2.13           494.77            496.90

     75.28        11.96           496.90            508.87

     75.85        15.62           508.87            524.49

     79.32         0.11           524.49            524.60

     80.75        20.33           524.60            544.93

     80.99         2.45           544.93            547.38

     82.37         2.52           547.38            549.91

     82.77         4.95           549.91            554.85

     83.07        10.68           554.85            565.53

     83.16         0.43           565.53            565.96

     83.34         1.77           565.96            567.73

     87.37        18.61           567.73            586.34

     90.33         5.80           586.34            592.14

     91.52        12.34           592.14            604.48

     91.77         3.05           604.48            607.54

     91.94         0.56           607.54            608.10

     94.77         7.49           608.10            615.59

     95.55         7.29           615.59            622.88

     97.61        29.84           622.88            652.73

     98.16         2.83           652.73            655.56

     98.29         1.77           655.56            657.34

     98.66        16.39           657.34            673.73

    100.93        11.14           673.73            684.87

    104.39         2.74           684.87            687.61

    104.40         3.83           687.61            691.44

    106.22        16.65           691.44            708.08

    107.22         2.46           708.08            710.54

    107.59        50.63           710.54            761.17

    107.81        16.37           761.17            777.54

    110.54         9.10           777.54            786.64

    111.84         3.13           786.64            789.77

    114.10        17.55           789.77            807.32

    114.48         2.93           807.32            810.24

    115.22         2.83           810.24            813.07

    116.57        10.19           813.07            823.26

    117.92         3.45           823.26            826.71

    119.38         7.50           826.71            834.21

    119.91         6.69           834.21            840.90

    122.06        17.51           840.90            858.41

    126.04        16.26           858.41            874.67

    126.15         8.25           874.67            882.92

    130.03         4.22           882.92            887.14

    131.40         6.94           887.14            894.09

    131.99         8.32           894.09            902.41

    135.09         0.35           902.41            902.76

    136.49         9.03           902.76            911.79

    137.06         2.48           911.79            914.28

    138.22        27.98           914.28            942.26

    139.31         2.27           942.26            944.54

    139.87         6.65           944.54            951.19

    140.01         8.82           951.19            960.01

    140.05        14.90           960.01            974.91

    140.61         3.29           974.91            978.20

    142.81         0.38           978.20            978.58

    144.28        17.85           978.58            996.43

    144.81        12.31           996.43           1008.73

    146.33         3.19          1008.73           1011.92

    152.64         4.67          1011.92           1016.59

    154.56        29.82          1016.59           1046.41

    156.01        11.52          1046.41           1057.93

    156.09         1.82          1057.93           1059.75

    159.84         4.42          1059.75           1064.17

    160.75         1.76          1064.17           1065.92

    161.42        16.12          1065.92           1082.05

    162.20         5.71          1082.05           1087.76

    162.37         0.62          1087.76           1088.38

    163.04        36.73          1088.38           1125.10

    164.15        34.24          1125.10           1159.34

    165.09        16.32          1159.34           1175.66

    166.29        10.58          1175.66           1186.24

    166.53        20.14          1186.24           1206.38

    167.43        10.39          1206.38           1216.77

    169.72         2.03          1216.77           1218.80

    171.69         1.11          1218.80           1219.91

    171.71         0.37          1219.91           1220.28

    172.99         0.24          1220.28           1220.52

    173.69         2.10          1220.52           1222.63

    174.13        20.97          1222.63           1243.60

    174.34        17.33          1243.60           1260.92

    175.98        34.84          1260.92           1295.76

    176.31         5.83          1295.76           1301.59

    178.43         2.72          1301.59           1304.31

    178.54        17.91          1304.31           1322.22

    179.02         8.79          1322.22           1331.01

    179.17         8.94          1331.01           1339.94

    179.67        23.36          1339.94           1363.30

    184.15         3.22          1363.30           1366.52

    184.18        24.05          1366.52           1390.57

    184.33         5.67          1390.57           1396.24

    185.23        15.56          1396.24           1411.80

    185.99        30.38          1411.80           1442.17

    188.38        11.30          1442.17           1453.47

    190.99         1.51          1453.47           1454.97

    194.35         3.06          1454.97           1458.04

    195.15         6.24          1458.04           1464.27

    196.61         1.26          1464.27           1465.53

    198.60         9.15          1465.53           1474.68

    200.48        25.11          1474.68           1499.79

    202.28        22.47          1499.79           1522.26

    202.97         2.68          1522.26           1524.94

    203.97        18.01          1524.94           1542.95

    204.00        17.19          1542.95           1560.14

    205.33         6.38          1560.14           1566.52

    207.78         3.73          1566.52           1570.25

    207.85        14.51          1570.25           1584.76

    211.91         0.35          1584.76           1585.11

    213.65         2.90          1585.11           1588.00

    213.93        14.13          1588.00           1602.13

    214.39         0.48          1602.13           1602.61

    215.55         6.85          1602.61           1609.46

    219.23         6.07          1609.46           1615.53

    220.77         8.07          1615.53           1623.60

    221.48         5.05          1623.60           1628.65

    221.79         1.36          1628.65           1630.01

    223.05        37.97          1630.01           1667.98

    223.61         7.51          1667.98           1675.49

    224.39        23.53          1675.49           1699.02

    225.03         6.29          1699.02           1705.32

    229.14         5.59          1705.32           1710.90

    230.74        13.53          1710.90           1724.44

    231.29         7.16          1724.44           1731.60

    232.10         0.26          1731.60           1731.86

    233.41        37.41          1731.86           1769.28

    237.93         6.34          1769.28           1775.62

    245.66         5.93          1775.62           1781.55

    245.82         0.31          1781.55           1781.86

    245.87        46.62          1781.86           1828.48

    246.32         1.15          1828.48           1829.63

    247.11        20.39          1829.63           1850.01

    247.85         7.39          1850.01           1857.41

    250.57         4.79          1857.41           1862.20

    250.64        33.26          1862.20           1895.45

    254.91        39.35          1895.45           1934.81

    256.12         9.22          1934.81           1944.03

    257.00         9.50          1944.03           1953.53

    261.47         5.03          1953.53           1958.56

    261.65         9.83          1958.56           1968.39

    266.42         5.75          1968.39           1974.14

    267.70         6.85          1974.14           1980.99

    267.93         0.16          1980.99           1981.15

    268.15        16.33          1981.15           1997.48

    271.60         0.26          1997.48           1997.74

    271.74        27.30          1997.74           2025.04

    273.64         5.23          2025.04           2030.27

    274.47         2.16          2030.27           2032.43

    276.57         1.25          2032.43           2033.68

    279.96        18.25          2033.68           2051.92

    281.26        25.52          2051.92           2077.45

    281.79        20.54          2077.45           2097.99

    283.70         0.18          2097.99           2098.17

    284.82        12.04          2098.17           2110.21

    285.42        15.61          2110.21           2125.82

    286.24         0.43          2125.82           2126.24

    286.82        15.48          2126.24           2141.72

    289.40         1.43          2141.72           2143.16

    289.51        11.70          2143.16           2154.86

    289.67        24.76          2154.86           2179.62

    291.33         2.29          2179.62           2181.91

    292.87        10.52          2181.91           2192.43

    297.08        53.91          2192.43           2246.33

    297.72        21.06          2246.33           2267.39

    297.94         6.32          2267.39           2273.71

    299.61         0.05          2273.71           2273.77

    299.69         2.31          2273.77           2276.07

    301.83         6.21          2276.07           2282.28

    302.72         1.46          2282.28           2283.73

    303.40        12.64          2283.73           2296.37

    304.48         0.13          2296.37           2296.50

    306.20        16.44          2296.50           2312.93

    307.67        18.18          2312.93           2331.11

    308.22        32.86          2331.11           2363.98

    314.00         3.89          2363.98           2367.87

    314.89         2.51          2367.87           2370.37

    315.62         7.66          2370.37           2378.03

    317.79         2.03          2378.03           2380.06

    319.82        10.73          2380.06           2390.79

    321.82        12.67          2390.79           2403.46

    321.99        25.50          2403.46           2428.97

    325.10         9.16          2428.97           2438.13

    328.13        29.07          2438.13           2467.20

    331.10        20.23          2467.20           2487.43

    331.48        21.46          2487.43           2508.89

    332.68        10.93          2508.89           2519.82

    334.04         0.67          2519.82           2520.49

    335.25        20.66          2520.49           2541.15

    336.20         0.24          2541.15           2541.39

    336.75         4.11          2541.39           2545.50

    339.36         5.86          2545.50           2551.36

    340.81         5.68          2551.36           2557.05

    341.86        22.42          2557.05           2579.46

    342.31         1.27          2579.46           2580.73

    342.52        15.02          2580.73           2595.76

    348.42        12.69          2595.76           2608.45

    352.99         8.18          2608.45           2616.63

    355.67         3.80          2616.63           2620.42

    357.53         8.29          2620.42           2628.71

    357.81         5.94          2628.71           2634.65

    359.13         3.39          2634.65           2638.05

    359.54        10.25          2638.05           2648.29

    361.34         1.22          2648.29           2649.51

    363.90         5.29          2649.51           2654.80

    363.97        10.81          2654.80           2665.61

    364.94         6.39          2665.61           2672.00

    365.63         5.96          2672.00           2677.96

    366.14         4.95          2677.96           2682.91

    367.35         7.89          2682.91           2690.80

    370.37         4.06          2690.80           2694.86

    371.06         5.41          2694.86           2700.27

    372.27         3.29          2700.27           2703.57

    373.67         4.53          2703.57           2708.10

    373.76         1.14          2708.10           2709.24

    374.21         3.26          2709.24           2712.50

    374.67        13.39          2712.50           2725.89

    374.71         7.03          2725.89           2732.93

    374.77         4.00          2732.93           2736.93

    377.80         2.84          2736.93           2739.76

    378.51         0.58          2739.76           2740.34

    379.29         4.26          2740.34           2744.60

    387.41        11.98          2744.60           2756.58

    387.50        29.19          2756.58           2785.77

    388.99         7.10          2785.77           2792.87

    390.17         2.92          2792.87           2795.79

    390.72         5.67          2795.79           2801.46

    391.00         8.17          2801.46           2809.63

    391.35         5.12          2809.63           2814.75

    394.65        32.20          2814.75           2846.95

    396.53         2.03          2846.95           2848.98

    396.87        16.89          2848.98           2865.86

    397.51         7.71          2865.86           2873.58

    400.97        11.83          2873.58           2885.40

    401.05         0.99          2885.40           2886.39

    401.09         4.76          2886.39           2891.16

    402.40         9.09          2891.16           2900.25

    403.93         4.03          2900.25           2904.28

    407.01         4.87          2904.28           2909.15

    408.69         2.31          2909.15           2911.46

    409.00        14.83          2911.46           2926.29

    410.05         8.15          2926.29           2934.43

    411.57         7.78          2934.43           2942.21

    411.85         1.83          2942.21           2944.04

    412.14         2.90          2944.04           2946.94

    412.52         2.64          2946.94           2949.58

    413.12         5.44          2949.58           2955.02

    416.38         1.20          2955.02           2956.22

    417.28         4.01          2956.22           2960.23

    420.22        16.96          2960.23           2977.19

    420.39         8.52          2977.19           2985.71

    420.53        27.44          2985.71           3013.15

    421.68         9.45          3013.15           3022.60

    422.31         3.35          3022.60           3025.95

    424.23        12.26          3025.95           3038.22

    424.23         0.84          3038.22           3039.06

    424.79        17.31          3039.06           3056.37

    425.12         2.40          3056.37           3058.77

    427.42        12.97          3058.77           3071.75

    428.80        11.84          3071.75           3083.58

    434.60        12.55          3083.58           3096.13

    435.64        47.42          3096.13           3143.55

    435.97         3.05          3143.55           3146.61

    437.88         7.84          3146.61           3154.44

    438.16         4.11          3154.44           3158.55

    438.64         0.10          3158.55           3158.65

    439.64        35.95          3158.65           3194.60

    442.68         4.10          3194.60           3198.70

    442.81        24.34          3198.70           3223.04

    443.72         0.24          3223.04           3223.27

    447.01         7.14          3223.27           3230.41

    447.23         2.28          3230.41           3232.69

    449.84         3.66          3232.69           3236.35

    451.68         2.82          3236.35           3239.17

    453.56        27.05          3239.17           3266.22

    455.74         5.66          3266.22           3271.88

    456.81         0.65          3271.88           3272.53

    458.11        14.63          3272.53           3287.16

    460.66         5.85          3287.16           3293.01

    466.51         8.16          3293.01           3301.17

    466.55         1.03          3301.17           3302.20

    466.72        52.19          3302.20           3354.39

    469.67         8.95          3354.39           3363.34

    471.94        15.54          3363.34           3378.88

    472.68         9.46          3378.88           3388.34

    473.74         0.70          3388.34           3389.04

    475.67        13.96          3389.04           3403.00

    476.49        32.71          3403.00           3435.71

    476.81         5.28          3435.71           3440.99

    478.53         6.29          3440.99           3447.28

    479.18         7.34          3447.28           3454.62

    479.62         1.30          3454.62           3455.91

    479.70         4.90          3455.91           3460.81

    481.08         1.15          3460.81           3461.96

    481.80        14.81          3461.96           3476.77

    482.33        12.31          3476.77           3489.09

    483.09        14.34          3489.09           3503.42

    483.60        15.11          3503.42           3518.53

    489.17         1.08          3518.53           3519.61

    489.25        21.49          3519.61           3541.10

    491.05         1.39          3541.10           3542.49

    492.61         7.34          3542.49           3549.83

    493.18         6.18          3549.83           3556.01

    495.43        38.47          3556.01           3594.48

    498.06         8.39          3594.48           3602.87

    499.27         3.68          3602.87           3606.54

    500.45         7.64          3606.54           3614.19

    502.59        12.14          3614.19           3626.33

    503.37        13.33          3626.33           3639.65

    503.57         8.49          3639.65           3648.14

    505.62        12.85          3648.14           3660.99

    506.21        18.32          3660.99           3679.31

    507.91        86.00          3679.31           3765.31

    508.48        25.43          3765.31           3790.74

    510.76         5.09          3790.74           3795.83

    512.87         9.31          3795.83           3805.14

    515.54        10.44          3805.14           3815.58

    517.97         3.51          3815.58           3819.09

    521.82        10.16          3819.09           3829.25

    523.44         4.36          3829.25           3833.61

    524.18         8.46          3833.61           3842.08

    526.38         1.72          3842.08           3843.79

    529.69         8.21          3843.79           3852.00

    530.25         0.23          3852.00           3852.24

    530.76         3.81          3852.24           3856.05

    533.16         2.63          3856.05           3858.67

    533.88         8.05          3858.67           3866.72

    535.40        23.88          3866.72           3890.60

    536.52         2.10          3890.60           3892.69

    536.68        12.92          3892.69           3905.61

    538.45         4.66          3905.61           3910.27

    538.56         2.27          3910.27           3912.54

    539.48         0.79          3912.54           3913.34

    540.24         9.61          3913.34           3922.95

    540.38         4.36          3922.95           3927.31

    540.52        10.45          3927.31           3937.76

    541.02         3.32          3937.76           3941.08

    541.50         6.57          3941.08           3947.65

    541.75        15.52          3947.65           3963.17

    541.87        18.19          3963.17           3981.36

    543.69         7.86          3981.36           3989.22

    543.92         5.69          3989.22           3994.91

    544.36         2.47          3994.91           3997.38

    544.78         5.25          3997.38           4002.63

    549.10        24.43          4002.63           4027.06

    549.27         2.10          4027.06           4029.16

    552.78         2.51          4029.16           4031.67

    553.64         0.82          4031.67           4032.49

    554.34        15.37          4032.49           4047.87

    554.67         5.36          4047.87           4053.22

    555.76         6.27          4053.22           4059.50

    556.60        17.65          4059.50           4077.15

    556.69        10.09          4077.15           4087.23

    557.29         4.03          4087.23           4091.26

    557.53        14.49          4091.26           4105.75

    557.89         9.60          4105.75           4115.35

    558.55         8.83          4115.35           4124.18

    561.69        36.33          4124.18           4160.52

    562.94         2.82          4160.52           4163.33

    563.15        12.47          4163.33           4175.80

    563.24         2.37          4175.80           4178.17

    564.66         6.92          4178.17           4185.09

    564.85         5.35          4185.09           4190.44

    565.84         8.35          4190.44           4198.80

    570.39         5.64          4198.80           4204.44

    570.90         3.57          4204.44           4208.01

    572.15        13.11          4208.01           4221.12

    572.42        15.06          4221.12           4236.18

    572.45         3.63          4236.18           4239.82

    576.02         6.24          4239.82           4246.06

    580.71        12.05          4246.06           4258.10

    582.31        13.97          4258.10           4272.07

    583.26         1.40          4272.07           4273.47

    584.01         1.30          4273.47           4274.78

    586.16        10.68          4274.78           4285.45

    586.82         3.22          4285.45           4288.67

    588.15         8.26          4288.67           4296.93

    589.21        22.29          4296.93           4319.23

    589.71        24.61          4319.23           4343.84

    590.37         6.98          4343.84           4350.82

    591.96         0.18          4350.82           4351.00

    592.87         7.65          4351.00           4358.65

    593.80        45.72          4358.65           4404.37

    594.45         0.90          4404.37           4405.27

    595.80         4.23          4405.27           4409.49

    598.60        25.89          4409.49           4435.38

    599.42        11.43          4435.38           4446.81

    604.34         2.20          4446.81           4449.02

    604.87        14.01          4449.02           4463.02

    607.86         7.80          4463.02           4470.82

    609.82         2.69          4470.82           4473.51

    610.13         5.64          4473.51           4479.15

    610.86         1.94          4479.15           4481.09

    612.30         3.90          4481.09           4485.00

    613.93        13.12          4485.00           4498.12

    614.48        18.90          4498.12           4517.01

    617.39         8.25          4517.01           4525.26

    617.46         5.75          4525.26           4531.01

    618.40        24.41          4531.01           4555.42

    622.17         5.17          4555.42           4560.59

    622.67        16.46          4560.59           4577.05

    623.43         5.64          4577.05           4582.69

    623.55        25.67          4582.69           4608.37

    625.22        12.56          4608.37           4620.93

    625.53        49.40          4620.93           4670.33

    625.95         4.55          4670.33           4674.88

    626.93         1.72          4674.88           4676.60

    627.31        11.20          4676.60           4687.80

    627.36        12.01          4687.80           4699.81

    632.07         4.57          4699.81           4704.38

    633.79         5.87          4704.38           4710.25

    635.37        11.77          4710.25           4722.02

    636.28        15.52          4722.02           4737.54

    636.52         5.50          4737.54           4743.04

    637.36        10.02          4743.04           4753.06

    637.73         3.62          4753.06           4756.67

    637.74         0.87          4756.67           4757.54

    638.43        28.37          4757.54           4785.91

    639.37         3.63          4785.91           4789.54

    641.01        17.01          4789.54           4806.56

    643.38        20.23          4806.56           4826.79

    647.69         5.90          4826.79           4832.68

    649.93         3.77          4832.68           4836.46

    651.35         9.56          4836.46           4846.02

    652.74         2.32          4846.02           4848.33

    653.39        17.58          4848.33           4865.91

    654.71         1.46          4865.91           4867.37

    659.13         1.06          4867.37           4868.43

    660.39        11.34          4868.43           4879.77

    660.76         0.26          4879.77           4880.04

    661.96        18.94          4880.04           4898.98

    662.25        13.12          4898.98           4912.10

    664.26         2.71          4912.10           4914.81

    664.47         9.04          4914.81           4923.85

    665.80        26.68          4923.85           4950.52

    665.96         6.52          4950.52           4957.05

    667.58        16.79          4957.05           4973.84

    668.24        14.52          4973.84           4988.36

    670.47         1.71          4988.36           4990.06

    671.25         5.59          4990.06           4995.65

    671.76        25.55          4995.65           5021.20

    674.28        13.88          5021.20           5035.08

    674.87         9.40          5035.08           5044.47

    675.41        22.88          5044.47           5067.35

    676.55         5.60          5067.35           5072.95

    677.24         5.65          5072.95           5078.60

    678.36         7.17          5078.60           5085.77

    682.63        13.50          5085.77           5099.27

    682.86         5.29          5099.27           5104.55

    685.19         8.09          5104.55           5112.64

